-0.203339585400324
-0.206020560826000
-0.205107678293196
-0.200420316939240
-0.191920479848045
-0.179704529475127
-0.163992393503340
-0.145114419663625
-0.123496299575457
-0.0996426127435454
-0.0741195520249960
-0.0475372979256474
-0.0205323533753321
0.00625000887357375
0.0321731402576183
0.0566262198881181
0.0790411490520488
0.0989088552982225
0.115794533325364
0.129351186569530
0.139330746431460
0.145592064217522
0.148105199294250
0.146951649743066
0.142320457053790
0.134500421427022
0.123868940694625
0.110878186691886
0.0960394226572619
0.0799062313532813
0.0630572839183699
0.0460790804796182
0.0295488979962920
0.0140180478685792
1.11183230464596
